请按照图形英文的首三个字母+空格+坐标+(半径+线宽(>=0)+线颜色(0到16777215)+填充色)的方式修改,不输入线宽颜色，即默认黑色，最细
pol 10 394 225 386 242 364 242 380 254 375 275 391 259 406 281 398 257 426 247 400 244 1 0 15335168
lin 120 216 117 766 8 0
rec 126 218 446 405 2 0 16721664
pol 10 322 222 312 232 294 234 301 242 296 257 315 247 326 255 318 240 332 234 317 235 1 0 15335168
lin 122 215 121 763 8 0
pol 10 335 264 328 283 316 285 326 292 322 307 336 298 350 312 346 293 360 285 345 285 1 0 15335168
lin 576 170 558 280 6 9961727
pol 10 378 297 373 308 357 309 368 319 360 332 376 323 388 332 385 316 404 308 386 310 1 0 15335168
lin 569 216 614 218 6 9961727
pol 10 427 303 412 314 405 314 412 321 410 338 418 327 429 339 430 321 441 316 429 314 1 0 15335168
lin 627 162 611 264 6 9961727
lin 663 172 719 169 6 9961727
lin 663 170 655 286 6 9961727
lin 654 283 702 281 6 9961727
lin 663 221 713 219 6 9961727
lin 773 170 767 286 6 9961727
lin 765 280 787 278 6 9961727
lin 848 168 830 283 6 9961727
lin 829 283 900 283 6 9961727
lin 766 280 802 278 6 9961727
lin 802 280 810 278 6 9961727
lin 803 278 814 276 6 9961727
lin 938 173 946 284 6 9961727
lin 940 174 999 168 6 9961727
lin 1001 167 1028 269 6 9961727
lin 943 281 1029 267 6 9961727
lin 561 410 635 415 6 9961727
lin 558 408 545 523 6 9961727
lin 542 521 620 526 6 9961727
lin 664 413 659 535 6 9961727
lin 661 471 726 475 6 9961727
lin 733 412 726 534 6 9961727
lin 774 422 824 417 6 9961727
lin 797 420 795 543 6 9961727
lin 777 540 838 543 6 9961727
lin 879 412 880 538 6 9961727
lin 883 411 925 527 6 9961727
lin 932 413 927 523 6 9961727
lin 986 410 948 530 6 9961727
lin 987 409 1033 555 6 9961727
lin 961 487 1012 489 6 9961727
