里面有一个预存的绘图
请按照图形英文的首三个字母+空格+坐标+(半径+线宽(>=0)+线颜色(0到16777215)+填充色)的方式修改,不输入线宽颜色，即默认黑色，最细
cir 101 211 74.20 2 0 16711683
lin 22 122 40 138 2 0
lin 100 113 103 129 2 0
lin 171 151 191 139 2 0
lin 188 216 231 227 2 0
lin 168 268 197 285 2 0
lin 114 298 120 323 2 0
lin 34 312 50 298 2 0
lin 14 251 33 246 2 0
lin 8 179 24 187 2 0
lin 279 370 413 256 2 31743
lin 279 367 403 465 2 31743
lin 399 462 308 526 2 31743
lin 492 248 454 522 2 3735296
lin 475 400 641 334 2 3735296
lin 474 400 588 550 2 3735296
lin 696 510 696 510 7 0
lin 551 585 519 756 7 31743
lin 553 585 605 589 7 31743
lin 603 589 576 673 7 31743
lin 538 659 574 666 7 31743
lin 651 595 568 748 7 31743
lin 654 596 684 763 7 31743
lin 609 686 665 677 7 31743
lin 716 597 751 596 7 31743
lin 731 599 721 731 7 31743
lin 698 732 737 736 7 31743
lin 794 598 779 740 7 31743
lin 793 599 837 724 7 31743
lin 852 599 837 723 7 31743
lin 879 599 976 609 7 31743
lin 928 609 916 777 7 31743
lin 609 132 621 189 7 65458
lin 653 131 625 186 7 65458
lin 654 131 670 184 7 65458
lin 692 135 666 184 7 65458
lin 718 137 752 142 7 65458
lin 715 137 711 184 7 65458
lin 711 186 737 188 7 65458
lin 719 160 744 162 7 65458
lin 788 138 767 195 7 65458
lin 766 194 814 201 7 65458
lin 860 144 889 150 7 65458
lin 854 144 846 193 7 65458
lin 845 199 872 197 7 65458
lin 921 155 914 203 7 65458
lin 922 151 943 155 7 65458
lin 952 157 942 202 7 65458
lin 915 203 938 202 7 65458
lin 982 155 969 201 7 65458
lin 982 155 997 208 7 65458
lin 1008 161 999 198 7 65458
lin 1011 160 1023 209 7 65458
lin 1032 163 1053 161 7 65458
lin 1034 165 1037 203 7 65458
lin 1037 204 1056 201 7 65458
lin 1038 185 1061 180 7 65458
